AA  4244    3082    179    3519    809
AC  532    431    36    522    174
AD  2021    1807    144    2260    809
AE  3196    2740    226    2753    759
AF  2135    1787    170    1864    638
AG  3964    3021    221    2992    892
AH  980    771    52    583    222
AI  2695    3960    301    3657    1559
AK  1366    2748    275    2710    1456
AL  6501    4492    313    4088    1346
AM  1231    1426    95    1303    430
AN  1296    1687    152    1754    751
AP  2082    1093    77    1085    373
AQ  2151    1342    93    1371    399
AR  3378    1675    90    1317    529
AS  2517    2372    194    2188    845
AT  2200    2338    186    2168    740
AV  3860    3035    233    3092    1013
AW  763    286    21    294    76
AY  1468    1587    114    1408    501
CA  410    340    37    475    150
CC  42    117    8    120    40
CD  225    337    49    470    212
CE  220    371    33    454    193
CF  154    268    38    311    108
CG  435    594    53    685    260
CH  160    172    13    185    60
CI  229    509    58    555    224
CK  132    430    47    356    206
CL  420    452    60    654    229
CM  68    154    19    149    71
CN  133    287    36    308    130
CP  294    298    31    357    110
CQ  168    211    17    287    71
CR  255    243    21    303    72
CS  267    377    44    430    173
CT  237    327    25    340    109
CV  293    374    38    452    208
CW  60    47    6    51    18
CY  130    228    24    250    96
DA  2094    1937    185    2120    739
DC  196    339    39    413    223
DD  1022    1610    164    1660    1143
DE  1812    3081    274    2538    1595
DF  1108    1571    168    1634    973
DG  1847    2220    271    2139    971
DH  486    700    38    668    238
DI  1329    3378    318    2671    1650
DK  619    2313    292    1945    1853
DL  3063    3314    254    3190    1613
DM  497    956    88    862    445
DN  575    1432    165    1355    1065
DP  1590    1185    88    1177    447
DQ  809    1210    51    1335    324
DR  1385    1418    153    1172    643
DS  1104    1769    209    1579    990
DT  1205    1661    190    1604    778
DV  1775    2439    226    2093    1178
DW  514    323    31    296    102
DY  817    1452    153    1562    921
EA  3344    3605    211    3038    854
EC  229    282    33    358    161
ED  1687    2698    299    1787    1391
EE  2898    4978    545    2715    1626
EF  1097    1606    159    1452    852
EG  2506    3338    230    2008    921
EH  743    761    79    608    261
EI  2451    4917    380    3906    1944
EK  1944    4587    461    3652    2367
EL  2994    4568    416    3777    1704
EM  1066    1796    138    1476    549
EN  1332    2809    291    2506    1722
EP  1515    1130    99    982    320
EQ  1736    1720    170    1360    585
ER  2702    2131    200    1582    674
ES  1585    2539    203    1937    1012
ET  1942    2399    202    2287    838
EV  2743    3826    284    2433    1214
EW  648    330    39    307    114
EY  1056    1629    194    1231    822
FA  1848    1560    175    1601    701
FC  204    248    43    383    143
FD  1077    1550    165    1475    949
FE  1212    1769    195    1706    919
FF  1157    1245    138    1190    570
FG  1679    1847    173    1720    793
FH  486    493    50    345    148
FI  1267    2730    173    2169    1084
FK  568    1773    157    1621    1061
FL  2803    2451    272    2291    1110
FM  468    778    48    655    341
FN  680    1391    92    1257    750
FP  1242    842    84    773    325
FQ  792    939    77    716    272
FR  1291    882    96    785    424
FS  1522    1935    180    1832    875
FT  1320    1557    131    1283    678
FV  1464    1893    225    1608    925
FW  446    227    26    224    69
FY  673    1040    111    1029    571
GA  3354    3169    235    2699    983
GC  428    503    36    628    182
GD  1655    2263    201    2017    914
GE  2823    3169    292    2400    1082
GF  1743    2273    185    1853    846
GG  3074    3367    230    2651    989
GH  649    844    54    674    245
GI  2615    4561    374    3581    1508
GK  2205    3211    351    2766    1565
GL  4261    4323    315    3616    1406
GM  1322    1485    115    1210    429
GN  1335    1992    217    1782    781
GP  1022    1110    63    765    279
GQ  1418    1422    113    1266    440
GR  2123    1842    136    1310    520
GS  1911    2473    234    2144    924
GT  2142    2514    237    2267    776
GU  None    1    None    None    None
GV  3419    3246    242    2839    1058
GW  937    402    23    403    100
GY  1402    1894    194    1607    775
HA  991    629    54    608    185
HC  103    160    7    161    42
HD  422    626    50    535    266
HE  556    866    58    604    268
HF  501    567    54    472    173
HG  783    875    59    704    261
HH  333    351    24    275    70
HI  569    1131    85    732    301
HK  247    746    67    471    282
HL  1364    1271    91    914    285
HM  213    333    25    195    91
HN  309    576    47    406    223
HP  987    577    48    528    160
HQ  456    541    43    486    118
HR  715    566    37    388    140
HS  531    709    65    541    228
HT  600    637    41    434    200
HV  687    840    45    583    222
HW  195    117    12    91    16
HY  342    546    54    456    169
IA  2909    4090    323    3793    1355
IC  253    585    47    674    272
ID  1285    3434    297    2978    1774
IE  1901    4743    354    3436    1856
IF  1360    2416    250    2093    1097
IG  2296    4195    291    3479    1532
IH  709    1112    87    776    298
II  1465    5049    338    4227    2330
IK  765    4271    356    3642    2250
IL  4031    5450    426    4416    2399
IM  426    1598    114    1252    643
IN  863    2974    183    2691    1563
IP  2186    2273    206    2053    763
IQ  1375    2115    170    1509    515
IR  1985    2341    212    1873    802
IS  1819    3631    358    3206    1775
IT  1688    3180    281    2900    1320
IU  1    None    None    None    None
IV  2108    3964    368    3100    1635
IW  394    391    33    355    106
IY  833    1947    181    1581    893
KA  1760    2994    249    2857    1238
KC  136    368    38    384    199
KD  873    2675    282    2172    1856
KE  1346    4798    478    3156    2120
KF  571    1392    162    1149    1079
KG  1411    3220    280    2358    1100
KH  372    918    74    589    305
KI  1270    3941    381    3624    2482
KK  894    4230    495    3780    2625
KL  1521    4140    351    3275    2245
KM  497    1524    135    1409    722
KN  698    2492    312    2757    1971
KP  1167    1335    148    1266    689
KQ  771    1654    191    1391    754
KR  1224    2072    198    1672    813
KS  947    2678    240    2115    1695
KT  1093    2348    291    2555    1340
KV  1512    3343    310    2416    1556
KW  258    358    44    312    151
KY  489    1823    187    1383    1209
LA  6092    3981    257    4059    1343
LC  442    578    65    611    217
LD  2791    3272    270    2992    1647
LE  4047    4710    383    3692    1751
LF  2482    2656    236    2342    1012
LG  4415    4502    308    3586    1441
LH  1169    1016    85    753    293
LI  3513    5190    399    4519    2207
LK  2353    4768    436    4185    2352
LL  6476    6100    509    4994    2085
LM  1436    1905    150    1578    685
LN  1963    3036    291    2814    1494
LP  3831    2161    175    1934    682
LQ  2453    2037    188    1443    615
LR  3992    2517    162    1856    819
LS  4148    4225    414    3703    1781
LT  3296    3268    261    3111    1234
LU  None    1    None    None    None
LV  4241    3959    321    3376    1483
LW  996    480    43    376    130
LY  1669    1941    185    1738    777
MA  1231    1469    104    1392    426
MC  67    103    14    137    74
MD  636    1141    92    989    478
ME  813    1569    138    1128    440
MF  383    601    55    503    311
MG  1053    1522    115    1218    463
MH  199    264    16    216    76
MI  721    1894    158    1495    692
MK  621    1766    183    1309    771
ML  1337    1711    135    1413    623
MM  324    661    51    561    221
MN  526    1144    102    921    490
MP  697    718    61    575    230
MQ  478    515    73    445    245
MR  830    737    93    552    280
MS  756    1094    117    981    475
MT  697    1143    83    1014    390
MV  957    1345    120    1198    417
MW  121    93    8    89    37
MY  248    517    54    377    288
NA  1584    1786    165    1952    828
NC  142    323    30    376    172
ND  666    1462    135    1622    1012
NE  908    2399    224    2010    1238
NF  661    1214    116    1150    761
NG  1311    1919    213    2056    916
NH  398    742    57    596    256
NI  933    3128    278    2491    1713
NK  432    2373    234    1978    1636
NL  2150    2956    266    2675    1646
NM  297    927    79    770    433
NN  482    1626    158    1584    1050
NP  1343    1407    122    1343    663
NQ  641    1435    118    1360    497
NR  1122    1359    141    1307    575
NS  738    1662    157    1564    1135
NT  943    1638    166    1440    832
NV  1101    2068    162    1688    1060
NW  313    279    28    254    99
NY  473    1228    112    1226    734
PA  2884    1209    87    1259    361
PC  187    201    15    235    71
PD  1612    1072    129    1251    433
PE  2551    1773    123    1735    608
PF  1204    991    90    933    331
PG  2047    1481    89    1332    488
PH  603    440    26    324    105
PI  1362    1883    145    1584    677
PK  777    1387    135    1117    686
PL  3238    2022    129    1747    546
PM  626    588    54    474    181
PN  910    963    107    822    438
PP  1618    588    40    490    127
PQ  1427    830    43    673    241
PR  1431    761    46    505    218
PS  1644    1264    110    1014    455
PT  1795    1145    97    1032    466
PV  2501    1553    129    1442    602
PW  430    207    11    154    43
PY  944    885    70    717    286
QA  2421    1435    99    1475    418
QC  106    203    17    224    45
QD  887    1154    123    915    419
QE  1547    2037    186    1377    547
QF  701    851    76    796    275
QG  1598    1652    130    1202    382
QH  378    424    18    310    77
QI  1435    1865    132    1641    671
QK  1032    1601    192    1636    760
QL  1689    2267    145    1952    572
QM  619    744    58    617    222
QN  796    1063    119    1149    442
QP  1250    646    65    560    169
QQ  985    990    79    780    207
QR  1668    1067    67    782    277
QS  1271    1288    119    1072    400
QT  1311    960    104    1176    363
QV  1841    1689    105    1254    424
QW  328    284    20    159    49
QY  548    972    65    660    274
RA  2951    1516    125    1252    449
RC  235    265    23    268    78
RD  1412    1395    137    1170    583
RE  2477    2145    180    1534    732
RF  1555    1116    102    959    419
RG  2171    1754    134    1214    475
RH  676    486    33    363    119
RI  2017    2398    177    1922    917
RK  1375    2099    199    1536    868
RL  4264    2522    184    2134    853
RM  932    829    74    655    259
RN  1013    1317    137    1075    600
RP  1470    785    66    597    232
RQ  1652    987    73    771    282
RR  2401    1218    94    902    394
RS  1631    1385    109    1152    400
RT  1575    1222    115    1052    400
RV  2594    1908    145    1275    558
RW  715    229    19    189    45
RY  1183    1041    99    870    389
SA  2680    2053    220    2109    808
SC  268    364    37    406    189
SD  1169    1812    235    1860    1074
SE  1666    2443    224    2225    1118
SF  1195    1916    226    1648    859
SG  2597    2778    262    2776    1122
SH  601    818    55    567    270
SI  1561    3648    295    2671    1540
SK  771    2789    295    1927    1538
SL  3566    3877    321    3095    1611
SM  697    1185    149    982    484
SN  811    1934    184    1541    1061
SP  1919    1226    111    1050    395
SQ  1212    1527    109    1216    491
SR  1853    1472    140    1292    512
SS  1667    2334    248    1914    1120
ST  1496    2015    160    1692    870
SV  2009    2469    284    2161    1102
SW  390    318    22    260    101
SY  680    1442    129    1229    701
TA  2660    2304    202    2592    752
TC  247    281    36    332    114
TD  1050    1696    191    1736    857
TE  1344    2222    226    2020    879
TF  1308    1508    141    1286    606
TG  2291    2919    237    2503    909
TH  595    610    64    559    215
TI  1545    3163    260    2759    1329
TK  551    2233    226    1913    1174
TL  3929    3451    286    2937    1146
TM  561    904    90    847    300
TN  731    1600    142    1461    757
TP  2478    1341    120    1261    492
TQ  965    1067    92    1024    379
TR  1700    1253    97    1002    459
TS  1520    2011    165    1690    820
TT  1393    1943    174    1887    798
TU  None    1    None    None    None
TV  2133    2535    277    2304    1040
TW  429    261    19    256    67
TY  811    1267    142    1066    513
UA  1    None    None    None    None
UL  None    1    None    None    None
UP  1    4    None    None    None
UT  None    1    None    None    None
UV  None    1    None    None    None
VA  3201    3208    231    2810    942
VC  387    427    51    480    259
VD  1926    2573    235    2136    1330
VE  2716    3579    300    2513    1305
VF  1725    1961    203    1794    930
VG  2629    3112    268    2610    1107
VH  772    758    51    561    242
VI  2519    3987    360    3334    1615
VK  1317    3189    295    2557    1444
VL  4786    4345    362    3526    1601
VM  911    1317    105    1130    462
VN  1294    2034    180    1964    1047
VP  2006    1467    141    1192    497
VQ  1699    1297    125    991    398
VR  2533    1612    158    1194    575
VS  2389    2821    279    2288    1134
VT  2004    2515    254    2220    940
VU  None    2    None    1    None
VV  3202    3417    302    2782    1361
VW  688    301    42    279    88
VY  1205    1515    161    1235    657
WA  679    320    31    300    94
WC  51    47    7    54    13
WD  388    307    14    261    94
WE  567    360    37    333    101
WF  347    223    20    239    60
WG  677    372    29    348    114
WH  183    105    5    99    20
WI  532    448    32    355    145
WK  382    338    40    250    123
WL  1213    457    16    425    118
WM  363    152    15    151    41
WN  331    277    37    230    75
WP  167    125    6    133    39
WQ  520    213    17    207    46
WR  599    217    12    192    48
WS  424    322    20    261    79
WT  406    256    21    206    72
WV  771    362    15    265    84
WW  185    61    6    52    12
WY  249    175    23    185    53
YA  1379    1324    130    1336    540
YC  158    247    27    283    115
YD  793    1403    151    1303    855
YE  894    1842    165    1377    839
YF  723    1215    144    1150    544
YG  1213    1749    177    1475    607
YH  422    581    53    490    196
YI  740    2102    188    1399    900
YK  409    1526    137    1121    1001
YL  2018    2300    217    2133    1025
YM  257    642    49    437    274
YN  516    1154    113    1027    757
YP  1009    888    85    827    332
YQ  770    901    104    1048    256
YR  1284    1154    113    941    381
YS  842    1400    140    1262    694
YT  847    1285    119    1043    526
YV  988    1420    161    1222    655
YW  299    201    17    193    71
YY  54    106    11    94    47
